20
0 7 0 6 0 0 0 3 9 0 0 0 8 5 0 0 0 0 9 0 
3 0 0 6 3 0 7 7 5 5 3 7 5 0 0 3 7 5 0 5 
0 0 0 6 8 9 5 3 0 6 5 0 0 9 0 6 0 3 8 7 
9 7 0 0 0 7 5 0 7 9 6 8 0 8 7 0 5 0 5 0 
0 3 3 0 0 6 0 8 8 7 0 0 0 7 0 3 0 0 0 5 
7 8 5 0 0 0 0 3 7 0 0 0 6 0 9 0 0 0 3 0 
0 9 0 0 8 8 0 0 3 0 5 8 0 0 5 5 3 0 8 0 
9 0 9 3 8 0 9 0 8 0 6 0 0 5 0 0 5 7 7 9 
6 6 6 3 3 5 7 5 0 0 7 3 0 8 0 8 5 5 3 3 
3 0 7 9 5 8 6 0 8 0 3 6 9 0 7 0 0 7 5 0 
0 0 9 0 3 0 6 0 0 6 0 0 0 0 0 7 6 9 0 8 
8 0 8 9 8 0 5 6 9 6 0 0 7 0 7 7 0 9 5 0 
0 3 0 9 0 5 3 5 0 0 0 0 0 0 7 0 0 7 8 5 
6 0 7 0 0 5 8 0 6 6 8 0 7 0 8 6 3 6 9 0 
7 3 9 0 7 9 9 0 3 5 0 6 9 0 0 8 0 6 0 9 
0 5 0 3 9 9 3 0 9 9 0 0 9 0 9 0 3 0 9 9 
0 6 6 0 9 0 0 6 9 8 9 0 8 0 0 0 0 6 0 9 
6 3 0 6 9 6 6 0 7 6 0 5 7 5 5 3 9 0 0 6 
0 8 0 3 3 0 0 3 0 7 9 0 0 0 5 9 0 0 0 0 
5 9 3 8 0 6 7 3 5 9 6 0 8 0 0 3 7 0 7 0 
