900 2700
834 824
759 276
895 129
892 83
388 300
819 466
198 615
17 706
415 487
172 198
890 675
464 891
538 484
192 782
564 687
407 133
26 402
319 765
26 164
583 548
875 387
714 814
499 303
1 174
858 237
249 579
178 856
273 441
687 503
595 259
738 123
195 334
404 184
160 795
646 288
564 657
535 21
812 862
715 485
805 439
364 254
576 681
648 291
412 353
36 375
617 508
515 369
21 897
416 291
231 572
434 640
866 411
166 469
875 785
561 279
738 171
395 386
699 35
112 145
59 327
874 379
143 636
328 606
311 631
276 228
899 900
341 432
728 276
173 410
29 594
56 895
672 185
406 771
757 408
675 827
272 836
253 479
625 770
45 449
541 436
116 218
628 103
884 420
84 580
370 808
885 102
307 801
688 215
751 260
577 535
859 824
571 696
772 743
134 696
429 757
701 667
357 156
376 425
315 459
808 125
227 249
583 631
269 349
165 105
595 368
637 97
877 452
440 738
478 633
55 667
568 521
368 185
287 239
760 785
138 523
565 533
637 873
2 701
483 159
64 241
628 534
27 146
155 486
230 430
172 470
429 220
753 851
506 332
431 852
436 241
742 57
592 264
743 849
299 157
379 645
170 886
588 393
344 588
378 28
167 26
844 774
579 597
880 565
59 861
501 544
334 499
268 521
429 219
207 442
52 215
599 880
239 710
170 104
611 94
551 675
105 883
26 316
387 522
818 123
303 165
743 856
847 608
577 610
155 748
876 105
347 235
244 861
129 867
17 696
885 558
322 450
438 871
847 769
670 656
890 161
13 785
635 255
363 228
713 145
475 845
853 26
741 284
99 482
475 20
160 779
502 639
261 302
763 536
79 396
56 378
402 535
637 775
753 441
588 627
75 538
309 140
423 580
686 47
28 898
499 404
579 728
255 181
162 876
743 206
523 791
199 105
391 426
219 722
252 133
888 887
414 531
294 321
489 307
716 579
156 21
104 436
408 213
219 302
601 339
712 415
854 234
130 772
401 513
42 568
611 284
428 465
229 557
564 440
106 736
116 512
491 163
389 777
200 433
693 601
803 397
832 439
507 710
672 177
194 38
27 890
892 769
216 662
374 845
688 897
83 326
823 134
22 622
191 25
228 645
448 812
117 601
863 752
131 478
359 595
61 248
774 91
155 122
728 85
163 68
382 433
65 626
658 360
685 397
244 732
430 523
138 541
861 401
695 796
730 132
897 211
235 110
224 552
759 137
673 323
346 811
582 99
610 657
633 305
306 718
95 206
810 28
124 496
777 550
723 98
845 481
600 540
603 593
62 437
533 668
189 740
89 122
646 601
329 738
291 235
399 685
675 7
236 426
301 305
579 697
389 818
405 636
702 427
763 546
22 739
824 295
276 503
494 277
158 803
592 518
433 762
375 678
459 800
520 104
733 832
539 74
85 331
91 457
1 646
273 503
261 464
784 869
675 41
584 161
220 765
106 267
316 684
418 385
819 506
477 720
892 176
139 394
391 147
473 47
777 431
367 448
754 855
123 154
256 716
297 572
420 414
315 860
170 677
537 271
233 751
192 608
465 21
64 403
800 833
598 821
122 479
445 426
762 178
864 323
474 840
61 146
632 626
425 608
493 689
751 682
72 513
120 277
869 285
766 763
96 120
306 167
558 608
440 176
259 593
565 129
294 130
649 6
444 346
154 713
521 842
718 32
291 298
750 421
565 674
727 780
715 628
850 586
317 767
392 731
550 520
376 266
270 88
96 440
301 608
489 709
182 246
719 887
698 475
336 641
402 457
241 869
541 675
106 21
548 699
71 683
143 475
723 140
84 684
811 523
34 613
365 651
758 510
819 90
350 139
106 344
313 161
230 329
213 1
66 495
862 840
257 158
343 31
602 531
295 637
99 437
90 743
182 728
378 568
804 52
292 245
188 352
250 350
684 657
557 445
148 273
515 522
555 295
138 193
374 601
445 73
111 102
303 21
422 511
563 142
671 740
151 708
748 395
54 333
706 666
649 438
807 797
115 667
112 548
267 122
672 219
333 335
788 594
793 556
179 88
107 888
850 525
219 504
516 386
250 24
687 519
845 271
635 754
393 625
744 105
51 173
128 198
740 570
844 352
824 721
437 535
774 791
841 786
881 132
491 807
444 361
896 347
366 329
492 673
60 4
200 639
472 663
446 730
239 473
531 540
425 646
35 369
365 49
344 217
868 864
712 184
831 607
332 399
472 824
39 559
754 350
797 665
186 535
95 247
745 677
870 490
336 188
29 562
741 406
828 521
714 321
119 365
356 59
567 322
151 23
543 700
383 290
357 472
180 28
617 262
837 796
380 73
255 304
423 568
844 323
267 479
239 447
719 628
122 361
104 26
238 335
33 852
160 483
702 367
584 710
317 99
536 389
586 81
688 670
876 357
402 420
866 314
360 162
388 867
210 398
687 715
386 279
749 154
35 617
728 821
678 698
477 454
654 792
411 715
671 693
897 369
734 216
200 126
429 335
403 19
589 743
656 340
440 710
557 726
652 604
286 665
741 248
572 737
882 11
886 146
714 875
554 327
338 583
880 129
700 895
609 767
351 291
594 338
389 547
162 324
168 52
816 593
623 574
484 404
705 680
534 366
425 776
756 760
866 865
793 841
432 73
792 1
33 345
245 76
315 325
110 348
698 360
774 518
699 714
329 278
720 249
460 62
791 818
649 240
158 384
111 96
547 87
637 392
294 50
359 313
209 115
42 582
636 154
532 561
731 900
165 374
417 611
496 78
48 816
504 428
434 775
158 538
546 414
429 151
111 293
755 502
160 277
435 45
632 895
187 385
763 92
840 275
394 34
110 135
894 777
869 740
771 616
189 416
449 633
20 234
385 383
552 259
397 566
8 176
553 560
280 197
559 480
544 603
380 331
207 688
335 341
194 125
597 86
651 565
329 806
675 313
664 651
871 592
108 837
739 649
56 860
81 650
499 612
437 174
78 167
895 76
499 195
98 29
222 862
542 886
215 669
513 622
143 229
340 63
669 525
847 186
578 598
301 42
160 227
250 595
449 466
881 452
438 707
97 481
549 339
715 735
747 533
732 824
648 175
250 809
132 307
822 353
542 834
283 677
353 826
605 294
441 382
440 2
812 158
748 648
656 445
669 2
723 57
761 577
147 868
626 9
439 12
283 526
156 97
575 705
88 745
72 776
215 428
722 64
582 352
741 876
882 536
99 831
126 609
306 294
564 491
372 457
455 663
458 223
553 698
451 283
321 833
484 554
191 249
610 618
411 868
231 562
781 657
473 500
790 534
290 758
674 146
817 885
894 445
237 707
41 755
865 353
62 8
107 649
198 276
282 386
160 299
687 233
456 85
757 570
898 886
588 433
509 496
561 476
385 872
19 587
662 601
836 493
844 417
280 468
564 166
261 4
736 372
866 177
604 586
117 780
723 496
543 190
78 102
676 843
213 46
1 76
488 502
252 497
542 329
479 217
224 85
705 646
532 75
700 677
670 357
632 166
490 812
288 517
650 681
71 261
150 302
275 474
898 618
435 31
24 339
506 288
506 841
28 571
127 156
159 67
877 522
736 829
239 446
475 336
103 478
179 668
818 566
688 516
446 804
775 443
443 341
245 310
816 481
29 804
287 516
243 90
243 763
874 566
434 337
840 221
280 371
217 753
854 292
837 212
271 802
635 588
203 857
705 96
116 872
1 824
360 592
760 69
136 551
691 422
547 246
300 884
765 90
794 78
887 460
25 566
500 725
709 330
554 559
567 833
759 879
108 654
452 676
81 31
478 632
233 654
53 707
471 284
133 528
824 117
26 445
769 203
43 234
196 555
46 124
349 380
140 159
812 618
578 791
318 853
598 399
216 21
796 167
772 358
677 574
890 92
138 817
504 878
168 592
625 504
264 519
269 246
379 197
215 822
516 818
10 419
92 275
189 240
783 308
523 53
309 476
74 97
4 299
680 541
456 55
271 815
425 204
115 85
680 569
85 587
188 368
109 358
612 728
297 69
210 724
756 844
35 434
22 520
844 226
41 373
833 296
457 398
277 590
32 549
259 438
38 141
225 109
818 731
631 677
715 721
459 503
168 612
258 189
115 123
342 250
875 151
187 663
814 383
283 32
676 440
682 114
229 900
815 723
225 797
73 301
427 790
695 267
846 308
768 651
258 325
27 164
866 63
437 718
525 303
454 562
705 761
223 128
212 472
95 492
283 841
432 114
480 330
148 838
377 590
223 427
566 590
127 798
167 102
432 793
46 594
156 303
468 170
133 307
818 199
251 885
714 493
137 176
404 393
213 380
398 343
290 132
256 584
854 132
528 293
314 674
450 177
591 827
526 485
350 19
362 534
810 848
881 173
49 896
776 51
525 137
536 711
696 20
18 500
235 548
637 789
334 356
629 548
249 817
564 469
160 882
150 747
429 847
506 428
897 385
798 43
515 825
61 26
570 560
637 584
836 779
109 393
139 371
522 457
406 224
579 865
716 311
874 497
269 340
666 34
156 607
525 736
319 876
740 727
854 99
7 287
611 496
250 887
146 708
162 178
103 756
733 595
333 244
477 116
726 779
421 258
525 326
494 176
249 858
278 733
848 91
149 583
163 550
105 664
882 419
630 184
737 651
457 652
900 556
314 887
236 51
373 465
642 693
761 691
39 760
683 602
523 867
334 129
223 137
410 616
93 241
823 575
424 135
250 685
810 572
135 692
829 23
158 374
249 128
537 156
504 239
233 640
391 741
879 294
663 192
125 197
750 455
259 603
306 805
15 471
650 152
304 734
642 471
522 402
285 202
215 10
550 367
368 92
23 797
728 792
580 801
554 788
3 648
210 527
658 174
685 479
449 510
570 615
877 550
868 428
801 891
808 418
827 125
841 557
4 664
439 875
250 284
93 528
285 854
529 422
467 259
175 638
205 361
636 894
313 121
380 221
870 487
13 604
650 105
625 394
407 186
426 746
650 516
47 719
861 414
595 559
511 555
650 773
782 672
686 330
889 562
262 244
46 614
314 658
270 511
716 128
420 314
348 474
753 239
191 652
395 19
831 174
515 508
693 403
212 576
328 65
85 488
368 89
178 125
784 290
543 218
417 504
525 70
56 93
138 514
364 317
691 565
51 598
97 365
246 737
336 128
458 16
577 796
248 376
185 398
73 76
86 751
204 495
409 639
255 821
320 72
438 64
820 125
816 844
147 890
360 316
585 22
550 246
249 426
87 382
90 466
291 552
259 312
716 338
864 559
560 573
149 391
633 703
386 489
45 598
355 852
881 271
170 65
598 21
621 595
433 884
550 467
561 505
891 510
720 69
278 861
543 728
310 192
587 135
900 385
206 833
218 434
165 197
164 700
221 228
741 426
623 508
759 657
59 202
236 296
6 600
180 647
864 821
626 474
859 555
668 312
119 819
497 865
760 246
517 119
744 52
165 792
733 615
640 360
759 482
667 374
48 322
26 699
196 117
815 849
658 23
710 695
453 885
522 611
364 599
333 129
463 774
385 572
105 131
793 248
460 156
842 584
732 543
521 442
436 776
869 265
311 185
633 890
837 552
229 323
59 329
633 809
376 361
461 726
190 101
785 205
809 698
267 338
501 570
627 508
497 412
248 653
833 57
487 600
48 872
351 687
246 770
30 310
104 345
349 787
427 698
12 753
416 839
141 610
714 633
646 410
477 208
584 284
323 544
195 643
844 389
326 542
682 586
515 71
128 86
83 568
44 326
485 535
357 261
377 565
624 53
844 768
194 163
602 181
464 775
877 475
441 734
396 331
301 696
539 134
738 37
828 826
617 643
534 823
55 321
872 454
691 455
135 185
554 384
209 837
497 241
819 666
38 281
403 541
99 253
559 888
378 711
517 559
711 779
873 12
21 195
711 337
834 80
754 602
808 457
103 655
541 365
316 191
456 818
756 706
385 430
565 560
718 680
386 278
437 842
805 835
578 827
767 124
189 805
545 707
63 742
117 785
505 559
859 845
193 728
664 734
784 868
426 767
770 379
339 869
164 783
879 305
106 175
389 291
813 130
352 631
753 416
598 281
180 601
112 456
310 491
750 247
518 859
161 387
739 668
784 793
811 299
807 7
312 335
525 27
610 513
795 711
43 86
318 384
45 247
874 237
782 783
154 708
684 625
371 319
210 100
798 31
48 159
740 644
333 895
28 608
407 511
517 168
508 557
882 138
465 4
172 241
630 767
238 591
128 660
728 4
290 27
488 162
600 551
221 188
313 264
582 410
249 137
638 233
459 888
707 771
118 686
216 202
401 705
550 877
659 634
532 894
474 387
707 254
706 364
46 661
440 84
879 554
298 233
112 306
196 570
574 44
179 677
241 490
164 348
814 365
133 388
285 578
68 656
595 509
61 840
498 690
287 62
73 876
270 638
227 473
306 383
730 737
231 52
583 125
229 448
893 595
126 226
831 830
136 357
511 312
515 553
739 485
710 619
291 451
899 741
674 125
197 404
461 271
881 150
555 273
434 246
205 210
295 99
375 697
223 781
569 283
195 3
654 563
624 244
97 436
673 536
458 575
754 516
815 629
93 701
333 510
253 510
419 133
597 572
404 46
726 703
385 716
377 319
553 323
320 794
93 473
643 147
162 888
164 306
217 283
620 530
429 68
339 222
63 106
105 156
888 832
603 143
356 647
103 590
318 828
357 731
587 131
86 821
474 732
557 35
241 831
775 418
849 843
519 637
479 161
892 165
516 38
662 769
494 340
896 290
350 33
778 773
761 543
182 826
140 832
844 326
740 411
678 236
772 586
601 805
97 563
597 55
882 503
496 8
309 375
894 249
804 530
152 206
578 312
832 837
895 727
268 191
77 237
748 63
185 808
522 63
410 708
808 56
590 848
169 111
853 884
330 33
314 513
451 546
784 293
336 410
349 163
752 10
572 266
137 427
308 177
591 490
87 786
50 612
666 557
110 535
74 562
309 226
506 31
84 502
676 809
801 445
147 497
233 346
826 629
572 166
41 26
111 273
53 112
858 212
692 441
737 365
238 815
586 231
527 205
673 266
699 251
272 63
478 669
795 309
472 886
134 416
697 344
455 27
15 797
631 690
47 507
887 46
632 333
620 415
22 158
646 379
646 487
899 143
255 730
219 354
735 277
56 560
726 780
83 3
361 30
634 117
612 456
490 477
593 560
151 516
218 812
680 609
182 876
455 222
406 86
194 468
522 274
232 438
848 132
556 306
638 165
334 760
264 817
633 198
806 117
712 231
663 388
654 884
189 362
16 506
439 374
796 55
897 122
701 560
842 602
670 189
149 35
54 6
708 162
289 807
589 774
618 73
378 655
654 493
515 130
619 496
796 241
89 211
527 842
894 825
766 827
814 638
860 812
734 132
225 816
546 94
555 431
507 327
312 61
561 181
413 108
405 884
490 507
856 22
647 391
381 857
238 391
355 165
674 513
564 487
264 868
145 11
859 852
401 664
223 795
39 393
373 668
412 666
134 143
167 835
895 19
301 713
147 390
585 9
828 67
157 470
366 591
650 303
623 20
705 389
566 157
534 797
146 260
492 219
613 722
238 662
543 473
134 741
755 731
542 403
861 609
740 343
153 773
567 708
169 354
544 325
273 91
484 856
156 811
787 21
576 873
277 770
630 53
545 111
419 459
291 705
617 688
793 329
144 301
135 797
591 68
798 362
630 19
671 730
465 289
247 512
179 119
274 891
506 161
593 565
135 471
342 70
705 531
886 183
228 50
569 325
152 620
692 818
75 836
770 226
765 373
487 619
846 543
105 78
378 416
46 197
468 466
190 243
140 337
68 377
661 698
401 583
777 786
680 599
302 817
666 799
290 159
133 799
862 93
331 119
431 409
334 759
454 763
20 866
603 656
147 19
32 740
755 816
803 546
228 846
483 417
177 613
708 279
800 373
492 703
402 460
711 746
658 504
493 578
135 241
376 208
174 641
809 373
737 865
763 90
554 382
758 568
182 243
453 284
233 644
317 201
238 772
319 444
689 552
487 62
881 530
392 367
180 644
806 35
392 193
695 271
46 798
521 456
219 10
710 439
610 463
523 842
799 515
468 645
282 796
718 354
569 95
667 649
451 174
73 886
297 468
73 725
378 1
403 430
720 80
107 707
628 226
830 644
252 212
832 711
212 564
115 358
702 197
673 765
784 332
233 506
51 401
671 593
852 837
417 869
463 590
266 674
84 805
885 458
789 404
193 62
362 53
129 492
800 862
373 760
522 161
401 713
762 260
108 578
116 372
837 375
325 798
626 131
520 642
501 266
866 180
798 685
606 407
715 255
725 767
489 732
229 546
613 319
275 659
371 681
550 457
779 289
252 834
349 294
6 837
39 273
613 642
862 830
762 817
856 548
75 832
85 743
649 756
83 490
105 152
787 623
401 281
522 700
387 705
346 869
349 821
640 45
32 635
260 128
678 806
751 222
447 151
216 142
525 55
84 860
400 103
171 232
89 552
888 735
750 864
679 291
261 309
203 848
891 111
722 116
202 552
620 669
38 299
759 52
863 740
211 617
611 523
132 714
632 876
26 732
87 835
796 651
721 857
112 697
514 467
89 723
66 374
565 896
191 360
400 76
480 833
364 218
490 164
621 13
485 812
91 71
293 730
3 211
374 132
732 445
81 179
329 135
517 396
813 840
742 859
485 20
790 106
379 3
226 592
645 299
743 527
42 627
384 159
879 649
368 14
84 401
264 301
423 669
182 359
569 138
24 301
513 312
448 747
159 350
544 73
61 526
361 329
136 889
854 316
507 477
561 55
576 765
135 56
305 428
523 612
390 213
556 341
693 673
701 577
444 521
2 735
252 889
34 379
570 280
793 374
564 302
703 422
895 774
437 256
664 748
863 387
842 896
531 460
375 302
714 244
61 600
176 498
500 735
40 152
298 381
34 782
349 656
653 639
554 117
538 697
817 205
510 341
532 103
473 879
555 104
4 176
17 506
885 369
581 271
639 84
567 357
78 877
459 443
11 89
832 863
49 392
370 796
154 547
669 243
593 633
471 638
405 292
839 169
774 434
282 413
314 778
399 338
344 504
425 548
150 297
16 330
843 55
125 6
693 374
506 107
446 756
50 509
621 840
189 515
234 488
541 118
18 834
262 4
527 676
242 408
805 770
233 301
17 289
591 776
13 450
164 828
674 109
589 694
141 244
576 116
269 196
394 93
73 873
592 141
279 234
177 876
553 468
395 736
447 575
607 348
627 62
296 147
742 310
381 548
849 379
167 884
467 268
852 756
438 884
697 656
340 775
159 813
271 521
430 235
372 866
612 513
520 897
861 89
487 801
701 470
671 396
739 336
606 383
692 432
300 747
46 717
128 159
293 254
244 383
795 879
636 562
86 733
737 27
548 185
848 562
345 807
687 143
769 851
747 81
384 862
524 131
154 645
384 140
818 518
215 866
350 219
852 678
541 421
308 57
384 843
339 756
90 141
296 401
827 368
766 196
581 124
774 876
799 171
436 299
633 162
710 440
292 895
396 860
726 594
45 350
699 680
893 708
373 708
157 700
603 206
64 185
167 612
448 105
492 840
794 509
49 824
573 646
882 544
119 149
422 751
120 297
695 761
699 748
673 279
571 744
173 100
891 470
392 729
442 572
884 331
120 273
175 345
237 537
691 90
684 9
349 98
445 751
634 361
696 448
596 505
492 555
58 795
185 194
71 249
303 226
893 613
400 519
829 687
684 341
717 432
426 870
694 590
58 121
223 294
879 57
27 386
131 751
172 306
864 833
100 366
457 410
206 15
535 102
252 817
643 169
835 877
246 86
215 478
818 648
363 253
388 206
876 522
483 844
446 366
438 790
698 514
355 224
279 832
473 439
327 746
340 499
412 839
435 233
404 48
866 93
597 714
687 499
731 233
291 475
395 214
496 889
462 503
95 32
638 342
23 541
746 425
880 704
630 187
849 293
850 5
593 758
528 320
259 14
677 443
553 309
118 434
452 686
681 182
699 657
203 161
177 41
287 190
686 371
125 891
546 64
89 13
181 421
105 433
334 644
600 557
824 808
104 687
333 500
455 255
273 249
709 598
508 475
46 412
298 166
483 200
100 576
482 340
26 734
141 687
866 298
193 592
869 89
622 315
455 470
153 897
271 355
250 179
212 494
343 750
183 502
747 74
468 552
261 404
311 532
519 64
625 79
81 368
10 336
765 293
185 266
841 521
271 706
158 435
3 658
73 193
220 826
634 219
332 139
631 322
534 156
419 415
132 519
358 557
720 157
71 385
743 88
685 196
401 540
739 782
312 103
200 623
404 140
397 217
743 821
465 166
457 68
126 147
534 645
20 166
91 518
77 797
267 857
594 559
670 645
695 705
290 875
686 683
95 42
825 854
720 60
330 47
480 717
131 768
888 442
802 521
32 182
820 334
880 224
606 59
783 38
261 371
610 370
297 871
287 261
204 803
132 730
407 689
130 257
223 299
205 653
866 857
247 840
406 526
59 501
804 129
86 472
680 394
188 316
537 489
674 181
394 511
797 446
770 487
617 764
494 1
487 424
649 879
38 374
746 641
261 491
591 396
184 881
129 456
503 498
9 25
830 349
656 727
880 299
532 585
1 405
806 826
180 186
194 477
252 59
682 252
436 767
783 719
98 567
353 687
480 900
148 667
312 309
886 560
307 434
506 838
634 279
517 849
386 566
340 579
496 849
249 814
766 714
767 757
169 433
128 93
201 714
499 623
519 624
214 674
578 180
230 871
29 350
490 499
613 130
571 434
879 550
387 188
221 340
352 238
413 111
776 17
190 420
170 210
777 603
635 365
622 884
847 334
784 894
898 680
160 237
459 345
335 663
101 786
66 796
127 103
685 823
151 468
769 421
24 381
157 398
228 138
398 214
199 218
534 664
565 192
680 610
142 707
702 755
635 596
470 268
346 234
441 341
6 397
800 245
690 403
625 326
379 778
269 667
827 50
529 367
717 372
630 356
145 478
320 865
335 689
811 156
161 241
505 824
727 781
436 297
226 857
262 239
284 794
771 742
303 804
31 666
530 464
58 754
291 204
614 512
337 706
361 90
168 891
379 876
563 846
522 680
316 874
471 611
170 535
329 536
199 292
389 151
163 234
700 828
608 728
500 226
199 666
66 629
591 884
554 201
402 419
74 394
801 692
806 408
728 495
96 836
866 377
866 873
335 485
232 214
518 784
501 587
750 535
2 519
625 598
440 266
32 377
272 460
593 334
205 498
128 539
65 283
14 855
681 439
570 831
393 562
124 642
768 238
391 322
697 808
336 859
299 457
515 778
279 364
838 885
692 762
368 820
253 727
723 214
807 159
426 594
488 683
264 12
23 648
48 65
888 804
679 833
241 542
709 146
524 318
782 93
781 626
229 393
114 135
135 594
499 43
370 858
410 268
852 275
684 138
529 823
48 207
375 131
771 717
490 114
733 186
462 663
74 524
111 150
199 760
636 839
183 57
419 616
31 101
27 454
645 637
512 102
54 898
744 464
4 450
381 467
520 538
383 808
687 793
845 517
539 143
477 91
230 57
786 292
648 263
210 286
534 263
546 32
583 726
807 69
546 529
475 117
346 393
597 191
746 241
23 589
159 558
618 352
859 134
615 733
593 282
857 21
676 611
897 428
351 578
579 514
607 655
818 200
769 48
41 643
198 236
541 783
290 349
538 139
825 31
362 858
356 811
166 110
17 134
653 875
228 396
875 758
648 708
553 785
340 899
459 400
519 481
16 826
212 412
97 529
838 645
283 120
351 434
550 597
52 585
716 866
25 411
741 209
828 441
689 786
101 743
680 338
859 770
273 76
878 368
755 826
591 279
203 705
727 352
245 761
415 718
151 518
142 394
515 879
486 779
320 557
814 338
894 769
855 479
581 90
878 812
778 153
601 869
801 45
75 495
886 37
623 17
655 375
358 461
64 826
556 136
768 333
162 691
251 739
676 550
216 15
626 130
445 235
819 645
250 223
388 451
880 307
828 115
846 326
253 629
369 372
239 217
516 872
564 820
588 37
452 132
833 194
765 821
775 130
163 799
799 16
49 33
794 546
477 248
54 265
772 767
64 768
309 893
891 527
111 823
729 93
662 582
9 832
645 885
488 676
794 364
293 286
652 481
511 518
602 899
431 457
39 454
136 117
711 450
296 700
380 712
611 475
678 818
650 775
270 45
564 377